759169869656096809;
621167923473547276;
768293062489145345;
700966445181435935;
501938701782351883;
738484352568262747;
750903882514694195;
692755531927912495;
778253009548345344;
779152702524882964;
768889338360234035;
779910523780333601;
779152702524882964;
690036880812671048;
753681311520129175;
790000843117822002;
791113139734708267;
791149070458552322;
791163051918884865;
762330739169034241;
756806532858904667;
791504587449827349;
791504927892701206;
788990726314000414;
792153194137911316;
792866531134406706;
792967032861229076;
792981077651881994;
793140233302179840;
793139859182452788;
333949691962195969;
793870827254579210;
783735713534967848;
792140190558060544;
790628789566701569;
790185205520138261;
786333434167296030;
793949220041654273;
780473009332682762;
794016936715092008;
765644291053060126;
468776949289058314;
683596038132596781;
784804158217256981;
794105981021454386;
794116309780398140;
794150807418568734;
794143152910893107;
793950345277341738;
794033544200585254;
325699194222542849;
760551927015931944;
794760647618330634;
794761365095972894;
794761775534571520;
792093737559916546;
710575859148390460;
768122586646183958;
741872819918602301;
796631513202425887;
797156709067390996;
788504377236389898;
787427364396204032;
798521236232601620;
783419129221611520;
798949511354646538;
702569588537294860;
799368819877216337;
729361903834365952;
801557078103294003;
776900723006373889;
801188414505877575;
110373943822540800;
802693460858896434;
802962343608188968;
803700317140549692;
783260040516993065;
805241214525898813;
658529169189240843;
734573009452400651;
797327611042332673;
807720589850050560;
728586685796843541;
576774629021188118;
810318689584545863;
810990219281039391;
813525787356823623;
813525831858782268;
813525870638530620;
813525892260560897;
813525916281077812;
813525934484488222;
813525951844712463;
813525975303716894;
813525992945090602;
813526012817571840;
813526035462094889;
813526121714548736;
813526140156248074;
813526156917080135;
813526174952718458;
813526191805431868;
813526211006693398;
813526227666731018;
813526244007084092;
813526260592148480;
813526281689759805;
813527705513230376;
813527723813240832;
813527747481174037;
813527772089286686;
813527792754622475;
813527830888841277;
813527850057596978;
813527869535420497;
813527888212787251;
813527909985288232;
813528847811084289;
813528879946792980;
813528897458667560;
813528914449137664;
813528930689482754;
813528950273867827;
813528967285571585;
813528984670961674;
813529004090064937;
813529561173196800;
813529583692939284;
813529600378404884;
813529618149408828;
813529635135422534;
813529652891090985;
813529698645966888;
813529717172338719;
813529740169314335;
813529756435349514;
813529671220068393;
813530528832946196;
813530680259903530;
813530491168096286;
813530655895977995;
813530567378731019;
813530623100059670;
799022250111270982;
817098390939762708;
820009522894471228;
822190588316876800;
598981333708046337;
590790262134013992;
825993797007572993;
824694751747506276;
827537025438842881;
822534099163676782;
