38700
611500
567140
562050
391720
826010
464230
554330
461730
236390
444280
874100
581970
671050
397090
868550
515690
648810
574640
601930
866150
676440
377310
547310
347560
710520
525300
383330
509110
660270
681070
326180
635850
823340
715470
457710
431810
364910
805820
368710
867730
826130
541380
864390
823100
812850
781610
521100
673820
731870
812450
703040
428900
681140
581030
522570
545700
562290
476240
654440
307230
515470
266290
726170
372750
605220
557680
812860
487220
719610
343930
699550
725400
540020
639840
705070
820830
715980
502140
732090
493650
444880
332790
800320
527710
800330
667130
776890
451880
492270
567250
520380
545590
639720
676000
704190
863490
780800
869250
866510
828910
523160
586600
550810
745670
859410
863980
858160
858220
862300
440
804550
658320
304050
763610
859700
679530
658430
866390
334210
703530
657590
851520
860340
844140
845970
861740
861720
860350
849620
858420
851710
818290
720630
797060
787390
805780
801020
552990
851810
860390
860380
861840
859030
809320
803620
855370
718320
558870
592340
550
834890
395170
820050
806970
861570
857010
386360
508900
787240
781600
260430
778840
562260
311870
385360
463180
588090
760350
689350
461760
694490
436390
749570
681910
332480
614960
628580
270810
386420
656710
536040
655910
387840
843890
259680
842310
846790
851230
854560
253710
849550
444930
850050
436180
250600
298260
283880
291480
298160
260410
339120
360870
375230
577740
839340
786820
765940
699240
831230
839880
754120
585830
485450
618140
450860
848360
840250
823830
844380
442220
743190
219700
398450
612620
351800
684210
372540
547820
578310
509800
851530
851650
801200
230310
204300
594300
685310
454600
568770
38830
444620
363970
443580
342570
312450
639650
333930
310380
386640
431540
206210
416670
712770
227180
574070
458410
753610
689400
468700
384180
402570
302670
245550
302590
676770
604950
746010
589870
618080
244930
835450
213650
727310
215870
461750
338000
251450
372820
113420
409510
200210
236110
214420
631660
376570
793050
464800
619600
596650
402560
314280
375950
434120
353130
390670
301520
461680
536930
791970
329110
17570
17580
24200
22350
41300
348700
335240
212070
340460
332070
351140
295550
244050
576840
238260
365070
557400
356310
330000
368950
242720
294160
331470
334030
263500
299420
336040
557810
327640
346120
299360
329020
305260
207230
266430
203290
346900
250420
612020
582500
545820
368290
555210
497640
588180
533690
661460
717190
564710
557880
843660
574440
509420
588010
610080
572000
680310
547540
448570
585880
378370
570840
615340
435030
445230
436520
370770
512560
547680
351630
381560
531990
585990
625430
637850
653220
532840
397900
534190
384980
623840
339600
385770
440740
380360
415860
312280
392450
429300
372800
449050
404580
382490
314000
382850
388490
287920
395520
342200
316010
392950
369400
329790
424280
396030
397400
319570
436150
412400
357480
368980
417860
432290
409160
421670
377330
400030
423880
360730
293260
449020
399660
385530
369030
442810
365300
324810
490230
321400
420790
461970
492800
393930
509190
447570
491130
385370
476460
513440
444090
472060
463390
474010
464700
461560
439940
467380
438720
435440
461910
414730
521200
472680
495910
291410
463060
205890
314010
444640
468560
433350
445130
314970
513650
458960
535440
719640
486460
505750
547010
560260
557890
576860
726910
452230
513210
539640
526430
538950
734750
545570
528740
467360
547260
702320
520910
787450
489000
555570
457330
524970
525370
760490
531640
513450
475070
529780
459820
416040
485650
531960
530330
666860
557780
465440
587860
414530
427270
612590
575720
609940
588430
587570
571350
466240
605610
589460
612610
485610
591960
628610
599060
645260
675630
578600
600750
667160
662470
625470
621880
651470
643270
665490
667870
681500
667120
676490
562590
338810
386180
603140
550650
411480
692920
715310
691540
690060
713650
726390
678800
715510
660340
626010
708680
672650
689090
729580
661830
698740
697610
480430
685420
672730
690930
688430
723610
661960
700170
718500
724280
355180
704040
291550
683670
598820
624910
601510
742630
747770
572660
665890
734910
638110
666220
515230
761280
754810
738500
723780
768840
534220
717990
719730
810230
500150
415660
640150
758530
702810
671720
781440
643980
772070
648430
446150
761070
667890
785130
786490
790450
805850
803220
735850
810760
828170
827220
799240
648390
797390
728730
795100
831490
758980
708420
809250
786410
787220
778700
206500
841860
822680
841100
800110
659820
679460
685390
824190
818450
834330
823040
656290
705400
705420
719460
705430
707370
707380
508190
635730
575550
644560
833890
840710
822900
838500
580420
567290
567580
682630
696930
702910
683570
716190
299720
715690
586340
718200
484830
404700
740570
313340
813290
656180
684050
595120
820920
591560
454890
818730
816260
709430
734920
833910
485370
434250
603130
555750
655000
654850
466730
655080
656370
630060
581620
675720
833410
779190
823060
832030
727590
810560
602990
775890
676590
654870
803160
697750
713520
834420
828960
600340
711640
786750
697930
832790
701720
691920
691130
342480
785610
783470
805680
238960
765300
630
789120
699460
618170
698720
567270
700780
771410
454150
755350
545580
770400
715570
772740
827920
581670
777340
829050
733050
701760
724740
754800
777020
664610
793990
713680
828510
813660
802760
815830
265930
713780
783600
102700
725340
252950
365260
391040
45770
779670
817190
817760
802970
274940
818480
828150
763980
353550
391260
314020
351490
397500
407230
295690
346630
274560
314450
396160
313830
429700
463350
380020
204180
527990
405610
351150
72400
434420
569970
340070
698370
9880
203770
620
253430
332310
31280
234710
702200
674750
715060
575700
828550
816700
113200
304930
265630
798280
823920
771350
709410
400
270550
722250
824660
821520
756880
643600
656310
824210
814670
822460
730220
767030
705090
687490
699590
687480
796900
686550
710120
710110
706330
706320
781760
693890
690240
693880
689180
805880
804600
806610
805360
781100
513780
438080
340320
439910
493730
463930
508170
811250
806100
794300
715840
797090
801780
760560
776670
709870
422870
655010
533150
448660
685750
740120
705710
663340
724430
440730
650490
401190
506730
575950
687790
604160
670770
671760
400170
503300
410110
703920
788510
679660
776540
806850
604780
736840
692200
628750
644310
771950
715340
734540
771840
539720
562360
755890
387270
340830
682910
703210
721430
703870
718370
762620
711070
645760
708300
654490
280200
759500
636150
565340
745380
776550
580150
299460
551110
324740
533120
689750
586350
444940
640380
515570
357070
701470
546090
501920
390570
294140
19200
661090
714240
485870
360750
281920
402670
446640
439250
431710
429470
313020
656600
583760
461640
346940
606330
321920
423740
428830
509220
38720
438480
411560
656610
448070
94590
801810
399000
316080
529900
776200
603890
576560
263980
615610
421810
319760
719120
628420
776370
728440
505210
673660
428750
727560
274900
412150
281750
596170
360450
298360
515910
524340
334070
508990
341310
726320
740600
585550
359310
418950
715010
601980
420740
521920
631010
595440
341780
535400
576880
433950
463880
238460
603100
775520
581000
317250
393200
566060
695590
449540
761630
691080
735450
797160
810670
791550
786560
696400
816820
633880
815950
790860
764560
749340
760460
573060
796640
709770
816250
577460
587810
796360
727300
777010
817690
798850
610930
598470
746290
546930
726210
791810
764060
779770
718220
808130
710780
776960
806140
745740
771610
768430
804240
666690
595340
777400
789000
801270
790040
774281
767610
731230
780750
793230
799070
809370
629030
810270
640310
688550
739690
762460
646450
705300
712010
710440
786720
738000
747190
667960
710450
604490
675940
718660
690740
589390
605910
726650
699450
684750
694170
629280
665430
810160
670810
737750
674060
674030
755970
775970
799740
756230
721940
693250
697940
661800
647040
721970
733290
808570
791080
805240
798550
604570
717950
797530
790400
709700
718330
664290
442290
721440
704380
693870
695020
674110
691660
696550
710330
498660
576050
697640
760820
678670
671090
675450
707600
689990
700790
674040
765990
714260
756050
790340
710860
675460
760100
655100
474820
709840
611980
757330
654900
588970
796510
625400
665400
628490
743640
657680
652980
610360
533300
562220
575640
591420
645090
656270
716110
566160
658560
485350