40
550
730
582160
8930
275850
360430
391220
474960
271590
218620
500
4000
298110
400
234140
377160
739690
292030
208650
480490
374320
311210
489830
252490
319630
222880
113200
105600
578080
270550
620
605910
203160
391040
628420
575950
438480
535400
393200
595440
401190
631010
289070
506730
338760
334070
610930
603030
524340
630
321920
587830
596170
515910
422870
45770
317250
400170
604780
565340
357070
303390
629280
810270
225540
691660
674060
656270
17410
223850
782100
697940
816820
767610
710330
304930
731230
227300
665400
737750
718220
670810
780750
726210
801270
580150
410110
793230
689990
644560
688550
413850
674040
203140
760100
700790
707600
719120
710860
799740
696550
589390
801060
804240
674110
714260
733290
790340
567270
756050
393530
789000
675460
544940
411180
625400
817690
675450
362280
534110
314450
640310
808130
756230
661800
551080
259680
628490
40
718660
664290
532770
652980
340830
704380
797530
449000
454150
693870
665430
571020
712010
790040
591420
644310
604570
814670
755970
313340
361700
795580
746290
364470
438080
423740
274560
353130
651280
429700
669580
346630
319760
659630
314020
595340
762460
448070
721440
102700
602140
354500
703430
667960
415270
356670
301520
515020
579150
355880
218230
642920
815040
695020
799070
425680
9900
709080
505210
529670
434120
765990
360450
797160
798850
642890
212160
351490
717050
378646
390670
466660
612440
555750
535260
705370
694170
654900
768430
790400
693250
770460
788470
747210
502550
619020
604190
679740
439910
343360
450860
396360
522230
47410
450390
294140
281750
375950
495030
826480
744400
593620
628700
519170
314280
281920
388340
457420
816350
407230
774281
624920
657680
313730
709450
775970
735450
587810
399000
617600
461180
290280
721940
390570
346250
340300
372540
817360
212500
512470
582830
583760
568600
436160
313020
803010
693810
316390
660520
549920
730090
743640
260430
324740
418950
722250
615650
463930
674030
340310
612050
566990
416080
596650
741320
304050
607200
831590
778260
337950
298360
680170
655100
372000
463880
566060
771610
354640
402560
539720
705220
466940
542480
604500
508170
487700
331580
204180
601980
17080
772460
485870
299720
448660
295690
691080
575700
603890
818450
351150
203770
684750
219340
501380
397500
562360
451230
464800
834330
658560
837310
618170
619600
454910
72400
341780
688650
404700
738000
380140
396160
500360
588970
606330
551930
771950
567580
238460
398840
824210
380020
371670
718790
340070
747190
569970
500380
332310
567290
767560
253430
581620
545580
705810
509220
710440
463350
713060
672640
313830
767420
581670
366420
353550
539650
793050
635730
400370
806140
391260
582280
570
611980
591560
508990
527990
438030
619310
655160
463210
485370
212740
449540
595120
47810
726650
604490
429881
630060
571870
789540
510050
580420
241930
766090
405610
523190
466730
603130
444490
771350
562640
636150
786720
434250
497860
521570
575640
771310
721970
602990
498660
779770
734550
526250
454890
745740
716110
650700
428750
666690
274900
334920
376570
220
576050
738840
566160
345650
797170
484830
852500
764060
675940
586530
703090
754350
734290
317360
723420
575550
496550
684250
444200
808570
360700
493730
628750
661700
647040
744660
319150
214420
274940
576560
631660
259020
786560
586340
796640
280
17300
360
759800
80
611120
757330
820920
690740
562840
201230
646450
451360
521920
577460
633880
340320
745760
841500
434420
679400
572520
559010
510750
774421
236110
576880
280790
508190
740470
293180
428830
332580
533300
596710
397060
562220
447970
47890
265930
673430
789100
671310
50
689830
461750
531190
810670
823040
656610
760820
30
327690
610360
770500
686340
335820
691930
331360
409510
533150
100
724870
827220
452710
740120
715010
206480
317470
735810
790790
839560
674580
273110
613590
412140
343740
585550
412150
424780
670290
789620
235580
341310
823470
604160
574740
770090
338540
614100
409670
348860
675560
626680
687850
230410
810160
506140
787990
386600
113420
200210
766650
581000
577020
598470
561970
477800
731640
820790
420880
351790
409690
577390
573060
257730
541190
674400
216150
338000
628440
805240
806510
727310
592890
690610
503300
436340
786680
513780
213650
372820
604530
380600
215870
298240
389530
757380
471710
423890
775220
696990
652330
777120
549090
300
389430
598530
777400
240
834180
792480
548290
827170
501920
410210
791810
482920
588290
725980
645090
537060
448570
710450
636040
223750
299460
470130
592800
544920
796510
595320
222500
506540
687980
822110
655550
739960
251450
615610
775850
509560
380
244930
458970
421810
510190
732730
384180
691020
658510
753090
295710
603100
714580
399660
816250
343730
489000
513450
803140
731770
797010
656180
537180
589870
415660
654870
522660
468700
316080
438720
696160
540160
449140
501170
526400
637850
70
809960
799240
321480
643270
263980
402570
826100
807140
513560
676070
817760
725340
442080
20
799300
700570
623840
405980
659820
687630
559990
703920
667870
528580
798550
464700
393480
212070
345130
714970
624910
384030
291550
338180
686550
17500
725510
274620
448310
449780
771060
211500
733480
661950
321840
804600
406950
530620
266430
472680
841100
509530
39120
697970
822680
553130
801810
618080
716950
661090
683930
302670
630100
483680
580630
290730
604950
458560
383080
559920
515570
390540
563400
434510
511800
433950
31270
461640
488910
689400
805850
392950
828030
557890
327640
434480
501470
576840
665890
476540
710780
356370
411480
402840
500150
710120
674750
354200
458960
712770
444930
521200
408101
245550
791080
227940
465710
407060
754160
716260
691540
359310
821520
835450
495910
485350
691920
702320
410380
440730
520910
552140
655010
570840
754810
718370
445720
796910
444940
759970
823920
687790
206500
529770
747920
758530
24200
8270
676770
816700
831490
387450
542590
753610
813290
690930
406960
649900
536210
420790
665490
342480
703940
681500
130
815830
719720
699040
656600
385370
761070
8240
593400
803220
474820
603140
562540
295550
714610
464780
619910
385530
685750
699450
348700
380360
212390
600660
571350
708100
342150
714780
227180
257710
504300
828150
461820
703070
754800
248570
346330
402290
373720
696930
205710
11390
761280
786850
803030
530330
721030
754640
552990
759500
461560
648430
439250
370770
209870
723780
244050
302380
394380
396030
377260
389570
684210
340
837340
661830
394120
404480
764560
785130
760490
564710
794910
8210
784950
547010
555410
778700
717990
261430
467360
588180
709840
714620
700480
463060
531640
458410
531960
576940
238960
816260
546930
785610
420740
302590
253710
525540
440740
8500
416670
546390
724280
705430
474010
656070
776960
713680
2540
746280
429680
423880
806610
753060
833410
636560
550650
534220
744800
731910
312990
384980
397040
666220
669440
661460
771410
575720
698740
529900
794810
547260
746920
708420
696400
791300
449020
801780
701100
600120
235584
310380
94590
569720
719640
728730
627690
791150
578600
671090
758980
305260
573800
806850
299360
354290
330000
6370
751590
706330
509420
726910
833890
814920
773530
356130
612610
15700
465440
772160
332070
598820
718940
363970
429470
746910
386640
333930
710110
701720
656290
519140
810230
779670
555210
756880
528740
387270
667890
488440
733050
657010
553660
647000
459160
638920
714240
538950
501050
356310
99900
374670
217750
737490
734750
795100
833910
382850
727560
583740
678670
446640
716190
431710
442710
763610
680730
735460
466240
717950
382000
787790
715690
503160
9880
746010
265630
455020
557810
727590
794300
767030
201210
344190
206210
777340
658970
248490
699590
610080
702160
698370
413620
838500
645830
655000
404410
412470
692920
787450
841860
412400
232450
805680
778840
660340
625470
783600
431540
726390
458760
760460
336670
44360
771450
836440
605610
607860
41300
771840
563560
347950
691730
545570
259280
802960
222520
388370
777110
625430
584850
457330
99910
435440
732950
788510
527550
448930
463250
335330
700330
397100
293540
772740
300040
588430
692270
684050
339280
530700
803160
378370
734910
682910
824880
708680
536950
485760
224260
529780
765300
490230
353360
432290
842290
685420
445130
420
704040
645760
764030
291410
703950
755350
724180
424280
789120
749340
280200
639650
312450
693880
368950
60
777020
705710
700580
585990
726320
613800
596940
689090
590910
735850
622310
346940
335240
381560
815950
38720
22350
263500
735570
626700
11360
824290
679660
721430
508900
683670
690060
372800
31280
401800
335150
431500
314000
340460
802760
588010
711390
689180
2545
509190
747970
802020
760930
711640
621880
433850
8290
459820
2550
779650
788880
713780
664610
554640
662320
707380
780120
729580
574070
417860
526430
705420
817190
832790
735590
539640
718500
715570
529840
542940
461910
576860
706320
636930
775520
672730
688430
8330
702810
439940
724740
472060
645260
702910
709430
824190
697750
569370
713650
601510
409160
709700
586030
497820
705090
411560
714670
551110
587570
653220
797390
690240
365070
557880
676490
693890
654340
667160
589460
400551
828960
707370
293260
407080
468560
513210
265770
534190
337410
703870
586350
230310
250420
8300
467380
724430
770400
435030
585880
360620
805360
550740
294160
336520
840710
287920
772070
369400
17580
504370
674130
460510
316010
475070
436520
302830
651470
831100
787220
718330
113400
568770
351630
555570
622470
342570
791970
708300
299420
796360
691130
843660
469830
763980
351030
738500
545820
408100
557400
452230
822900
687280
365670
444620
727280
679220
682970
779190
818480
834420
574440
446270
547540
820090
262410
711070
667300
612020
407120
666070
697930
340540
386360
786370
781100
685390
242720
393930
655080
434430
772680
689750
587860
560260
695590
205890
757240
447570
699460
439700
809250
324810
8260
38830
643980
382490
414530
685310
427270
215080
823060
572000
790860
493810
491130
776550
744810
750210
444090
444640
351140
403690
705400
536040
666860
351410
342980
697640
355180
828170
797090
521470
463390
321400
715060
526680
368290
524030
810560
319570
339600
805880
415860
686950
562590
476460
719730
8220
515230
399520
395520
603880
614250
806100
461760
656310
760560
236390
827920
385770
488160
19200
372190
667120
700780
801120
461680
636580
762620
734540
8280
381640
599060
203290
715310
776540
692200
633320
702200
268420
740600
513440
400030
533120
385890
775890
329790
731180
700170
497640
715510
768840
408102
489560
799860
320
485650
463180
628610
238260
671720
738060
331470
675720
386180
443580
656370
718200
709410
512030
658320
392450
679460
728440
312280
596350
360750
417890
388490
492800
734920
204300
535440
591530
642390
747100
804550
698720
654490
640380
675630
513650
550470
742630
234710
461970
781440
682630
445230
626010
536930
786410
832030
629030
402670
649770
377330
703210
371310
512560
454600
676590
469930
462930
828510
811750
447270
416450
310370
609940
584170
212800
594300
582500
387840
829050
713520
442290
786490
498600
433350
368980
723610
329110
615340
728110
715340
369030
416040
505750
557780
521800
683570
672680
697610
640150
357480
390100
532840
670770
591960
800110
338810
486460
449050
454540
442810
810760
651090
811250
547680
449470
755150
650490
207230
801200
404580
429300
678800
654850
690510
443110
790450
781760
357500
17570
406930
346120
397900
365300
550900
546090
421670
329020
761630
730220
783470
215830
822460
831810
453480
662470
701470
659900
648390
342200
701010
314010
745380
701760
360730
747770
480430
709770
796900
336040
414730
740570
755890
524970
776670
776370
673660
715840
660880
782660
525370
665740
736840
709870
705300
671760
436150
638110
402890
612590
661960
663340
680310
10
8250
532800
422630
828550
798280
485610
585830
675230
643600
8200
314970
818730
531990
793990
350990
651520
346900
813660
317410
326360
533690
672650
786750
719460
334030
577740
662700
743400
600750
687490
446150
552110
717190
397400
572660
802970
687480
529110
688340
763650
850990
668180
712390
694130
588090
531200
755200
547440
630530
633140
547870
639870
530900
741590
542120
379870
812400
772970
544520
778720
633210
534600
613920
520090
763410
542310
777950
804320
351570
763230
767690
448390
374570
380890
714920
393970
525780
758350
347350
519530
804410
806000
429790
513000
836940
632280
514390
335430
738640
452220
630980
654680
663360
668170
319730
851650
598170
590280
622380
820190
798950
686870
215280
227240
520860
821610
840410
678090
578310
439350
673940
668770
723790
463020
599390
585270
673070
692060
809150
832080
851530
771250
694180
509800
841300
774721
618140
801910
600140
840620
341190
396280
768970
556750
721090
529540
689580
684380
766110
842420
511360
858020
439370
270810
386420
332480
614960
485450
266030
558100
375220
366800
258700
673900
365050
359800
385360
373330
340810
352700
562260
576650
498710
612620
436390
311870
557670
219700
280620
349720
109600
300080
398450
663090
565030
235400
297210
351800
362400
365270
387970
673620
352160
358390
378300
802200
547820
391460
565730
512630
263540
546600
380840
743190
351640
438600
558680
339610
253490
340350
840250
675810
474030
235340
410390
471630
437400
286940
442220
264120
283060
412310
580410
844380
852450
438040
823830
858460
573770
553030
566910
699240
839880
591360
491790
839340
848360
765940
453890
786820
387860
396420
298260
831230
801610
754120
497940
360870
291480
436180
283880
375230
250600
339120
260410
298160
850050
854560
849550
449040
533540
846790
681910
842310
451130
832470
656710
749570
851230
833390
843890
744550
737330
502130
299910
781600
448980
713600
760350
628580
711210
689350
803390
851810
655910
790230
734820
787240
694490
790600
857010
822600
820050
806970
834890
747700
608800
395170
861570
465520
209080
537422
537421
444560
537420
553226
553221
553225
553231
553229
553227
553223
553220
716550
553230
553222
553232
553224
553228
759070
759072
759071
413858
413856
413859
458300
458310
413853
458270
458280
458250
413855
458320
413857
413851
413854
458260
413852
419910
411186
411187
411181
420090
411185
411188
411189
411183
411190
411184
411182
411191
411192
411193
411194
678350
646171
361780
361720
361730
361740
361750
361760
361770
362230
362200
362210
362220
362260
362270
362180
362240
362250
362190
354540
354520
354530
354510
354550
691961
700380
691960
703590
743200
706620
425681
425682
425683
425684
425685
425686
425687
425688
425689
31215