num2 = 7902, 7845, 5940, 7806, 6342
num3 = 1677, 1668, 1659, 1644, 1661

num3 = 1701, 1699, 1667, 1700, 1690, 1681, 1673, 1694, 1670, 1693, 1698, 1696, 1665, 1676, 1686, 1681, 1688, 1685, 1654, 1645, 1639, 1626, 1635, 1643, 1642, 1628, 1626, 1673, 1640, 1633, 1653, 1641, 1650, 1648, 1654, 1648, 1629, 1645, 1669, 1645, 1661, 1655, 1642, 1651, 1643, 1664, 1642, 1634, 1628, 1632
average: 1659

--------------------------------------------------------------

test 20 itterations (10,000,000 cycles per itteration):

add_nums4_2: 12481, 12476, 12203, 12170, 11966, 12068, 11974, 11985, 12094, 12192, 12174, 12173, 12174, 12036, 12010, 12261, 12241, 12139, 12037, 12291
return type: vector<long long>
average: 12157

add_nums4_2 (with minor changes): 12492, 12439, 12401, 12502, 12193, 12243, 12157, 12121, 12130, 12204, 12146, 12180, 12116, 12110, 12139, 12128, 12158, 12137, 12112, 12126,
return type: vector<long long>
average: 12211

add_num3: 2041, 2042, 2001, 2015, 2019, 1977, 2014, 2023, 1975, 1978, 1994, 2018, 2006, 1994, 2025, 2016, 2019, 2031, 2030, 2001
return type: string
average: 2010

add_nums3: 1908, 1933, 1943, 1926, 1906, 1869, 1903, 1914, 1909, 1913, 1901, 1888, 1891, 1885, 1921, 1910, 1886, 1867, 1856, 1863
return type: string
average: 1899

so_answer: 18572, 18416, 18409, 18459, 18381, 18348, 18375, 18359, 18283, 18252, 18366, 18320, 18378, 18238, 18325, 18290, 18332, 18275, 18379, 18323
return type: vector<long long>
average: 18354

---------------------------------------------

without function, just using addition: 10, 10, 10, 10, 10, 10, 10, 10, 10, 10, 10, 10, 10, 10, 10, 10, 10, 10, 10, 10
average: 10

without function, just using vector: 62, 63, 63, 62, 62, 63, 62, 63, 62, 63, 62, 62, 61, 61, 62, 62, 62, 62, 62, 62,
average: 62

without function, just using array: 8, 9, 9, 10, 9, 9, 9, 9, 10, 8, 9, 9, 9, 9, 10, 9, 9, 9, 9, 9,
average: 9